3673151411
3670660631
4107746871
3878489998
3822206267
3552179586
3961605545
3521462305
3826209848
3750266421
3840129654
4073831135
3841581990
4145800014
3683337815
3985697958
3541887938
3920145566
3962507459
3888078150
3869648486
3839827766
3901763807
3799808191
3833155311
4257742497
3793521766
3592897665
4050252144
3857154654
3867083622
3618799438
3919892416
3051366976
3759682683
3908737587
3972287132
3695029645
3963130616
3628696947
3592761585
3862637037
3799016822
3640127424
3855261424
3639834452
3869010596
3522866883
3879580538
3788949355
3250053154
4075940506
3637186357
4193834586
3468751102
4012498833
3583677458
3743491309
3815202896
3856561076
4076031462
4108076630
3343944000
3857077216
3798894925
4107873629
4146179033
2735373861
3788945126
4177565756
3545345787
3586967376
3986767049
3754851333
3798216274
3595165654
3919597833
3858826783
3887683391
3385031162
3814684881
3683647458
3754708646
3799452705
3529145161
4161636186
3825086138
3892038628
3695006696
3636418054
3862834661
3717641619
3847472822
3898061420
3528263164
3702680956
3876752428
3641626829
3814660367
3954458293
4321700519
3339762279
3560946602
3728003817
3725802554
3877516269
3607478508
3803242495
3756793141
4289713941
4005828809
4210528535
3510365476
3891072096
3558958054
3694915906
3896599369
3987232983
3567486821
4242439996
3558880741
3640120306
3423954247
3642692361
3598474409
3986640148
3736465735
3545252871
3543659319
3864467931
3847562812
3805490955
3985652378
3723533135
3624916319
3785542294
1079158790
3669185215
3798891832
3901913561
3773333924
3676925109
3815178009
3798948829
3742824625
3991906997
3741221726
3454942528
3508671855
3688311111
3765631724
3955791115
3779029989
3763989850
3499238810
3572667658
3863396471
3790235118
3732891098
3812425758
3619376032
3951624147
3867477331
3840681595
3973851669
3879371533
3869499094
3798375811
3180533730
3751292944
3784703966
3994028292
3961620162
3593544673
3930629214
3782210445
3727842746
3960344114
3673068753
3825013139
3931253513
3743220896
3840219654
3675786711
4257578131
3563655239
3732902967
3563346558
3974093027
3922022635
3727566943
3922634845
3793192041
3920379594
3526889950
3478267488
3757621263
3815582629
3623917549
4081633809
3960403310
3600968865
3639451345
3836363601
4145565081
3991833258
3611302699
3993830050
3878651103
3831024300
3789569571
3576564277
3672235840
3685644507
4257691258
4145567979
3740289851
3738495396
3631331317
4290323299
3307301692
3469403810
3865058472
3384271253
3841459197
3908649787
3669578046
3701219679
3606533265
3703869065
3720453531
3603921148
3972328519
3776100704
3553122323
3847268021
3836874218
3857785438
3787950653
3531230560
3889813855
3963093942
3598221558
3856541249
3317407525
3530810789
3734293064
3877810741
3962095096
4107665212
3662009009
3843531901
3571607500
3831427428
3962486253
3682642428
4210544990
3747436951
3794944647
3955803173
3518840563
3826748877
3924244916
3697240289
3733579341
3924465105
4006121621
3591655651
3785434764
3659481446
3609311146
3432641816
3323947380
3854656956
3868961991
3727885759
3951825323
3804233095
3804462499
3959714665
3767156050
3863598563
3672369757
3755207163
3971812671
3752642215
3952463070
4289662146
3870162958
3825076250
3678041679
3890652967
3837056402
3863504482
3766079034
3675650130
3892553621
3577501894
3836141304
3027566133
3759021910
3499502137
4001990083
3740554248
3827328441
3902097510
3761797203
3978453121
3402999624
3749166009
3330747817
3847171328
3765629596
3711711780
3747359512
3633513346
3655934356
3789331569
3971738119
3803720486
3791257200
3636109860
3887969708
3824980858
3799507441
3609388537
3961877258
3555359530
3879602831
3661603843
3730202020
3456344080
3470124293
3516193327
3923757975
4097920832
3650655060
4011640898
3709375644
3711224190
3923466243
3320192080
3952330851
3923953250
3771816624
3962079525
3713074267
4161875123
3432376739
3838553015
3839628151
3931265946
3814621115
3867584906
3771115053
3832679290
3833045765
3863545162
3873254925
3581623666
3483754268
4290328998
4049657342
3402696737
3463719180
4257701073
3795224334
3825287107
3513051925
3292404034
3685939881
3499268690
3502108102
3778660457
4210216763
3756316058
3573216410
3668888034
4178393900
3679470861
3742947164
3836101541
3985925720
3503448374
3449352790
4108469669
3372413806
4098371851
3823816398
3833349921
3464578167
3618884637
4075688045
3917910260
4257825065
3812088130
3815452941
3955842305
3954878172
3974080090
3792817764
3831283567
3755105813
3721389372
3803057072
3784887202
3371238626
4018244757
3863221734
3842811279
3414054596
3455212708
4010020778
3918174901
3991970257
3799500744
3485526671
3992302191
3739750060
4019007563
3390839456
3499191336
3971641187
3870334290
3567245271
3835459886
3679532875
4226520999
3698386964
3735408158
3301344390
3806327795
3994060222
3746924790
4257986780
3908350337
3589667304
3771847597
3724884429
3433511256
3978179842
3872783641
3587470236
3757238409
4017897887
3602750419
3985682437
3885862188
3855581552
3923325505
3851741810
3704115801
4075955302
3826812573
3753339376
3663137398
3714683667
3515989070
3908729362
3371145025
3755513271
3435232694
3920074217
3690693025
3594660784
4258035579
3931363094
3799483590
3763755693
3626895397
3886594622
3846939181
3542049468
3873287818
3886356902
3824635525
3560466054
3715324275
4178292744
3519153354
2783127049
3430672241
3830921214
3994460657
3616697450
3510303465
3754882216
3651610181
3924499144
3783520207
3231665600
3879253744
3750983705
3930050547
3712894573
3466932906
3799042148
3877915293
3855393677
4044042465
3563067241
3750674498
4178526337
3417405770
3886289815
4257596220
3765656293
4009605830
3805563455
3706910170
3874390408
3567616087
3700805433
3747134193
3930902057
3826537281
3606173047
3836139874
3604868688
3592946133
3732322628
3747846973
3727142632
3822131305
3702418236
3560887914
3513391572
3872758686
3562838765
4258425354
3737996374
3886032655
3931541827
3826110580
3578760466
3658713061
4289994616
3529155236
4257660688
3840174506
3869505292
3913881061
3890567786
3724081942
3481456516
3673289524
3960354159
4073996517
3610804849
3847523337
3855128975
3994087865
3771691975
3522962671
3815560505
3734425643
3726920387
3856177160
3385431605
3240590215
3476249416
3991604535
3527840311
3923966889
3879184956
4018390143
3854615728
4082547469
3609386897
3873511895
3497153061
3961680574
3796148522
3711414993
3656380494
3508822922
3898737970
3487501950
3854893356
3770635770
3808612429
3952434957
3654876051
4011981818
3942554488
3942073687
3733326348
4146273157
4049836471
3991760914
3961938003
3335816716
3733170810
3720698702
4241546121
3930777011
3832921745
3607315660
3854934268
4043928864
4322160966
3559637448
3785579252
3908806813
3595278742
3709610234
4049909116
3518934829
3771833232
3854287974
3840071928
3920273945
3691488324
4076071749
3664579070
3470604681
3766525392
3619107242
3906459985
3485294243
3749006236
3530897809
3531127397
3630519764
3791975442
3611235256
3832723302
4257945990
4042355548
3563317831
3600732416
3267190400
3971823739
3908719587
3797887719
3506821240
3582596074
3676194677
3675819801
3470562736
3784659517
3688553856
3922884143
4257803462
3838505746
3516658990
3938525250
4066073548
3843315572
3616425024
2859606831
3977760082
3707396357
3665116488
3897884670
3755041751
3766093763
3633239464
3714893437
3854746340
3545354163
3496419138
3769491400
3956230658
3824993551
3834745350
3742761438
3771755239
3743138963
3805407581
3676609891
3771651296
4289981625
3708151324
3528225403
3481157373
3520010508
3559996291
3899593795
3832291847
3991717298
3765655269
3715038299
3562929105
3678685352
3993736291
3455676166
3345802468
3082980842
3464843375
3705500434
3540705891
3709363769
3678357977
3766455392
3560857488
3929610138
3749749938
3645780415
4034176842
3803701135
3690813131
3807839428
3612709536
3971713445
3869446205
3866745986
3779060410
3687347281
3873102499
3771909296
3686201256
3917728885
3704566174
3864282657
3559044258
3452985924
3740123870
3625512108
3804664609
3693870846
3873534847
3909248361
3715262126
3641188701
3762093902
3703496015
3693763889
4162250464
3469872026
3639202368
3833218051
3802736860
3757779104
3712383579
3902047064
3804862677
3873516684
3890074292
3793219857
3494344369
3563304257
3485220265
3868245488
3909472542
3831559324
2472452186
3856662842
3177068564
3503580140
3878915783
3720254107
3643549182
3462839709
3594827662
3616199022
3610872045
3154601322
3587239786
3785411021
4146055763
3781720910
3878874976
3760447393
3627285974
3607753237
3371359516
3693209027
3559730459
3917940188
3580976017
3841299471
3930994605
3708140616
3325252529
3824981849
3869266492
3627545370
3499015994
3678849121
3931345275
3563247806
3576934168
3740697145
3709212122
3771887712
3845336695
3700608234
3534156938
3760849908
4257762566
3309434850
4242347960
3598116522
3431759770
4178026659
3627703883
3668588391
3854567562
3625470833
3842745759
3812715218
4322439262
3669080929
3702971202
3908655120
3757971038
3743333805
3831125977
3963341236
3272573339
3931331609
4049858299
4076041114
3668670819
3826137807
3799538911
3710995444
3793419624
3639565939
3727249917
3924037414
3814735558
3559109492
3712820262
3519046173
3720589834
3544715768
3931492074
3961878098
4177956256
3869270559
3832660220
3922744715
3927741796
3778662385
3951614243
3444191183
3081235352
3809608508
3517482132
3725553303
3768953279
3499072388
3955611627
2579572511
3837208891
3909118897
3807859039
3773148741
3676214535
3877141594
3755602639
3583408548
3598410431
3585514748
3874362250
3562818419
3733773656
3971833814
3954427720
3432896497
3808973207
3801906491
3765742859
3673367615
3909285333
4074560351
3657155835
3733747468
3730373648
3167370394
3644076795
3732941538
3924377274
3691340897
3992195573
3798283734
3961754016
3907668712
3709162691
3830708685
3960035567
3962773413
2859436706
3585010179
3956396866
3738495855
3531300389
3839715747
3838088920
3385148844
3678522486
3790779515
3799452345
4290273768
3317109466
3865175615
3742676430
3614250087
3789138276
3803783249
3864700437
3771978074
3477231539
3435035117
3639680595
4146107299
3755144092
3993715884
3544305742
3941828824
3772456322
3562789051
3847246869
3962057663
3840719795
3778875785
3843259095
3567814508
4108477695
3956076307
3864783422
3739377875
4074218973
3825866652
3794676825
3566908695
3419059398
3868359474
4005816705
4044492743
4177967437
4107616377
3993757383
3833417466
3812821949
3866169904
3837248704
3757492666
3784672394
3953724215
3696754243
3616535434
3833404054
4258540350
4042532063
3474361372
4257879441
4107829848
3474478387
3703215995
3831120689
3846774115
3743097610
3656050276
3702350001
3909499301
3962879453
3824627001
3785361897
3720163977
3835423964
3709572390
3695729665
3840876519
3855434950
3772401931
4290007912
3734397937
3625542061
3654854251
3568045556
3784896764
3503465600
4193659731
4257552373
3809360875
3509616462
3814705386
3908395711
3960570563
3757214665
3771616737
4044197660
3808281529
3923178679
3499766627
3559869162
4097829544
3648087978
3719730656
4006306892
3886134977
3677205592
3716083696
3759015094
3772164182
3766454559
3535656780
3930681218
3562710516
3961864354
3785103806
3846923310
3391308335
3542271150
4258021288
3417247536
3733150007
3991869465
3931111115
3203057621
3790573394
3962083952
3867628919
3651245723
3729233423
3598126872
3799576318
3483846499
3788001198
3676442813
3661591347
3534106978
3372462602
3785029004
4258339905
3466779333
3755057162
3738089225
3359616479
3496953560
3622929504
3485419552
3869277455
3962851227
3720294934
3451470606
3888516467
3832718384
3779459033
3743421781
3791600804
3675989958
3962200837
3309604557
3815497556
3670068605
3563171269
3811218576
3597676560
3973933310
3693088703
3886450283
4107912486
3487074291
3438252585
3847254589
3811554253
3688217801
3860167156
3885778086
3178861422
3711626129
4258129866
4005691647
3720580164
3049269710
3827713129
3631364000
3655912510
3762699888
3627046763
2458915708
3685679048
3837768732
3581503660
3496755003
3884259715
3766768952
3691213437
3625352761
3719312561
3952540688
3955354318
3799800961
3431870631
3649377754
3814881053
3955866160
3879191796
3804989158
3830779348
3854841515
3275188945
3858607594
3420257794
3920056224
3663365596
3447762980
3722096642
3986734898
3847142250
3938536760
3544827060
3688601473
3782251914
3986792608
4241778245
3534199234
4210498318
4289848832
3750739684
4074555454
3892493093
3608564729
3325561636
3854971474
3839967840
3797974519
3368546593
3923960731
3953638124
3746979064
4108070033
3438645036
3994511462
3544852252
3651333115
3836423210
3779583153
3837083779
3669132199
3710568588
3439067120
3598507517
4289552102
3208371806
4289555249
3717152896
3873123883
3754987446
3791854254
3779825998
4042006727
3710729663
3755284492
3757225482
4289918897
3785266890
3688581218
3791676538
3992315878
2790672380
3408133323
3756805102
3954991587
3655773472
3845721713
3843530554
3839695727
3454972092
3815159841
3846983487
4108508952
4107772014
3855491714
3550923004
3499006449
3587780211
3857509907
3909437600
3839914667
3842882179
2828151481
3837305231
3553110093
3586760527
3757186902
3992265025
3542401186
4074063216
3730971755
3908969188
3837382705
3656288616
3661734110
3879151421
3862767744
2388657215
3857486096
3868969697
4043794468
3854252970
3993978096
3211162477
3788993443
3725485600
3645183606
3790732971
3432883600
3771283814
3738765680
3666814229
3669098938
3789462738
3909432726
3771847945
3831278774
3747093668
3586862093
3595605021
3467631432
3930822322
3869659834
3430958082
3567519481
3423527707
3909056770
4073890063
3919897179
4017820336
3954855725
3986279681
3549529446
3741508723
3739273086
3516416038
2971077317
3813872260
4322307865
3667937944
3706430577
3435160515
4241708368
3872876975
3812694679
3672245518
3723569695
3688145273
3797622394
3623280453
3799417909
4018961597
3638746151
3455287085
3868712967
4107646841
4321734882
3701105098
3541022249
3551529450
3868846654
3756294385
3913659853
3415459052
4050270605
3776284463
3795024188
3879204498
3502243541
3827345346
3993613304
3810618702
3632601229
3865066328
3676235524
3743287721
3402999592
3797914809
3415453320
4107879822
3788801820
3928218323
3757319647
4075886917
3371911422
3686900323
3992456987
3606115034
3804034813
3855164494
3813955065
3444768033
3899238139
3961621467
4006538817
3892040904
4108113904
3608577818
3759663408
3863228365
3564306535
3568291334
3687327442
3971655614
3930421569
3939833831
3799505083
3372194252
3779170738
3730151515
3670834786
3594920421
3182426909
4108053419
3723373069
3865304047
3973917265
4108149242
3542344936
3742922678
3797817276
3824148580
3772179670
3857329449
3879230877
3832864185
3757519299
3803587996
3713255583
3487631481
4076424212
3641059937
4108183907
3591636085
3718719241
3584472266
3931272911
3891713406
3720340184
3836143368
3534734240
3559874949
3563335462
3719578749
3793414907
3955506469
3675518214
4322302020
4050201647
3959604727
4076318176
3940047028
3672049339
4290145682
3560431751
3755174080
3869614266
3767372588
4010507200
3684949626
4178322451
3635091856
3772098939
3371948876
3531486522
3595169566
3994010801
3836361990
3831475228
3583791514
3815445010
3611727345
3477044733
3771672612
4290451901
3779007117
3464071286
3768561086
3891890635
3757505114
2857262549
3921735992
3991988684
3836272027
3759875974
3529418579
3735523389
4178057148
3772117293
3706719291
3772559059
3810737413
3607596883
3868953446
3276979240
3908006419
4289969870
4290108204
4076427031
3570290624
3955707431
3713153922
3888440775
3353604334
3641224483
3704495516
3790391006
3927830905
3699113905
3928053802
3275278235
3807921585
3565942326
3581245127
3684426469
3822999575
3657276272
3985753335
3834304288
3908978837
3961665467
3924170938
3955830780
4162530733
3806249084
3531108020
4130177253
3872902760
3649558936
3720471904
3922112707
3531330337
3529093464
3671028622
3761753192
3485007167
3994050137
3696670033
3476986401
3560120409
3714917639
3758636682
4018718640
4018991468
4006436832
3808579419
3858423758
3743023266
3560442490
3836767366
3559227684
3794913945
3760936688
3671250783
3691373238
3834978216
4194533181
3603939341
3864953483
3952249283
3795764192
3835637929
3960126302
3761003363
3775860506
3733836737
3941871348
3528764498
3586951475
3857071966
3720154704
3877612834
4010445423
3784890928
4145672218
3824788523
3448481632
4258360018
3994092375
3898811290
3772056546
3731933362
3611150278
3955046586
3637070072
3857752764
4108169646
3635778503
3940365139
3901914808
3770794741
3596789058
3463705672
3836860487
3898835055
3730995820
3843592805
3515888794
3810638688
4076291405
3449118757
3688256924
4044091767
3841515208
3956551558
3747430356
4178510943
3954608066
3432120693
3772373990
4097602064
3530879374
3992255009
3784887640
4146478858
4210330594
3711484220
3739240886
3465352429
3801751182
3779068524
3962083306
3779297101
3755612343
4074234949
3888572986
4075768953
3710351643
3732381971
3924509379
3971620255
3846912263
4005635362
4258411288
3722640072
4290148269
3607564828
3413725667
3809527048
3695185144
3668838741
3659250455
3855536862
3826590389
3534226045
3862877709
3955721087
3722016068
3836066377
2975752081
3962855792
3991715230
3838261086
4002212910
4049649259
3574693638
3778942527
4178520622
3390707845
3515736932
3747288435
3678692090
3747454031
3665164180
3550746093
3647602675
3515767704
3927651844
3574253188
3862975299
3891995696
3580715987
3770692831
3615351957
3732837057
3962164936
3776405507
3707856099
3846942137
3962294760
3836458661
3704726744
4289615966
3435211180
3768926128
3805474814
3835681773
3624738940
3916520859
3824928962
3758835120
3758651593
3660971666
4178062098
3825061269
3464343998
3640781520
3836543057
3974535499
3811305417
4076450822
3815571933
4258193391
3742334140
4108034966
3574080936
3748665781
3869462012
3806550798
3728065439
3771294879
3733444169
4009923233
3887916044
3662828204
3552229290
3923944050
3597864516
3847506092
3466973436
4017806052
4043686584
3885898650
3923736619
3923641344
3606936044
3839846707
3931088809
3612849845
3843433268
3531275469
3503571082
3843752308
3450813896
4006432753
3431922034
4006246080
3759392339
3511213302
3994173614
3872986239
3548746771
3862953948
3825467895
3676056935
3733186250
3987072943
3891996908
3535126792
3835986925
3416880313
3927646954
3891974441
3970414166
3523473167
3446396019
3678942593
3956346705
3891695310
3739707837
3951876076
3822885796
3755092102
3776013756
4041871160
3991734418
3798354545
3531597860
4209647219
3510093736
3992536120
3931263024
3909999694
3544984547
3694390313
3242852266
3798907671
3624143348
3877347810
3712267962
3720141989
3954333189
3605842176
3593288670
3866925700
3878990544
2323770090
3992343474
4108369799
3497325350
3518938824
3743425355
3659046893
3495793150
3805596034
3747230147
3563212212
4108348028
3453582253
3449667606
3994140777
3878872577
3562840674
3734643393
3697021647
4226035933
3658881168
3873000013
3712886471
3877440856
3924591142
3707311149
3748996937
3613536472
3806547001
3687036168
3671919628
3509115912
3594853907
3873107546
3619451455
3658806693
3772778043
3711947510
3673098499
4001898987
3809240254
3791118606
3840081851
3759012408
3769029545
4097704503
3919717038
3707955867
3991953885
3630155600
3669737390
3857876971
3951808764
3497625387
3520432601
3974105018
3879521466
3399773844
3993891085
3813721879
3467547594
3869315785
3582403986
3909982048
4290240149
3725103943
3755348233
3749512203
3854294612
3726666660
4289856726
3961604536
3669404876
4178505659
3733871390
3815251023
2888751839
4242272705
3992337517
3798753009
3927802761
3918225835
3716894441
3528462399
3908783279
3923864153
3772377123
3625040959
3921739163
3740363600
3854908087
3755197327
3847295106
3590793498
3700784125
3704680603
4076554852
3677155696
3731797016
3434994205
3690750699
3867057081
3902544819
3598065692
4146537139
3792184460
3655016515
4289985085
3917935079
3931396551
3744760945
3993662795
3888041678
4005593685
3771918048
3619265526
3857383288
3695404038
3754682194
3878880449
3542057318
4210139656
3790814174
3567113161
3887874157
3586798840
3412846843
3823282167
3833515335
3985876780
3623168337
3774588854
3701296973
3823734411
3767435646
3918271656
2248554844
3803870809
3808999373
3576578274
3887838977
3855429695
3609426193
3772152565
3678987851
3765813158
3651427719
3575832181
3763938601
3962823937
4017764147
3815082441
4041916164
4289610031
3924006008
4290530627
3707901681
3918464205
3480787917
3519596858
3930993796
3529226642
4001731496
4075813984
4107626617
3708219236
3872812189
3854789638
3772184407
3719024023
3619270957
3930695380
3841037110
3391344634
3832735621
3719658177
3923400778
3563376424
3708798953
3481163903
3669061126
3864872762
3583635207
4073855500
3885800946
3619094531
4146505471
3101728133
3772416704
3785751641
3843066579
3879196339
4322057519
4107829889
3748786997
3431433937
3815277672
3561326348
3830700448
3814756687
3776309487
3858384057
3972415559
3955904664
3682963985
3673150052
3497231741
3811416771
3920522290
3836782408
3876502133
3837543348
3994107386
3801285180
2358729806
3836629848
3619285371
4107962625
3757139339
3798623293
3691088993
3873225627
3840056650
3843575177
3800760262
3743443738
4019352947
3815431959
2076645814
3518844145
3899360577
3723126867
3888066303
3508936748
3785310910
3789335282
4177870368
3899551721
3592292042
3836137869
3375964807
3559808136
4146228972
3913856864
3754100002
3843447291
3561212402
3908033629
3733998501
3740345207
3750163622
4075641363
3680178191
3879012620
3799145646
3974080023
3771652925
3806243981
3605290972
3752655180
3842858785
3371729150
3869102517
3956200919
3188430246
3548819829
3767985968
3868346397
3961916661
3886365468
3847172653
3680475311
3239757085
3800834362
3876858758
3619346635
3963401548
3991679239
3835850395
3856417822
3685324680
3878915786
3503053319
3863476396
3767192776
3930860306
3551121735
3823306824
3677499803
3846185550
3857218398
3857366212
3814132652
3873122464
3697132644
3705769818
3529455509
3832159208
4049616741
3870510044
3805099562
3747345109
3715257876
3857637438
3776121345
3377827394
3805095114
3470297651
3680202252
3804285416
3542762809
3991808927
3867761865
3723038202
3776536889
3720790397
3454745834
3703289209
3924372354
3497510934
3476881116
4289914622
3732852981
3661469826
4018852687
4074029316
3840577324
3799267312
3708139312
3687213291
4130082820
3864869399
4097871894
3920482950
3857704040
3561314908
3769097554
3755538846
3681186071
3822751488
3809176266
3722844321
3797956385
3823415528
3576707594
3872962504
4076251559
4177608042
3746781207
3595048898
4289969968
3606556752
3275301577
3466886256
3843362026
3738528850
3918243243
3854988773
3721598939
3611374003
3795252345
3750828362
4017730319
3930004091
3960467791
3823332669
3707129334
3468131048
3402087616
3852302106
3907628728
3909288892
3992561552
3892165891
3743990927
4241846103
4290445900
3541192373
3839982254
3835863506
3833852146
3594818530
3753588849
3879137246
3961595058
3263462406
3994339250
2344929742
3483517452
3840388837
3723172094
3798963264
3564596470
3687265855
4113973930
3879124546
4018151326
3560245801
3962856266
3824757591
3802669534
3523435332
3962470588
3676720588
4076369383
4258457307
4006479541
4178161106
3525909233
3866277271
3702461413
3687156113
3720243948
3952491091
3603874744
3618607595
3742682824
3606142935
3591739321
3594884611
3825467359
3390969122
3918483240
4107990987
3562930128
3598786481
3454721214
4082559458
4076108034
3969689960
3246013970
3573083627
3918021215
3799178739
4178203512
4242234373
4082370061
3399085055
3598444683
3956570511
3563587730
3453543908
3606757869
3467462860
2837304320
3780451691
3533215096
3992167621
3798739008
4289674200
3908256774
3577032251
4074269258
3776578741
3649112647
3568859259
3717470328
3919968213
3805399706
3191219521
3853753094
4258173269
4019543005
3467086487
3798771703
3869775548
3724687223
3671115213
3800737920
2236886372
3815217662
3855581854
3259326055
3953601825
3772052981
3887864430
3733716639
3700083973
3526163469
3720322173
4290354125
3961939032
3685740301
4075859700
3559430906
3503829414
3673244229
3959756374
3840433104
3987231298
3672179656
3862903063
3725797000
3918231317
3924392736
3588894155
3545054174
3639703967
3498784965
3992153804
3952059502
3407988867
3856897381
3659815442
3841183055
3743149289
3920566982
3924175923
3584592901
4257725401
3609417030
3716676770
3962398037
2774301261
3565144709
3336933076
3772028370
3855534277
3993623069
3867769525
3868853604
3993597207
3739023194
3577519161
3674882197
4242307047
3551315704
3837948070
3877155218
3819914942
3973775102
3580066314
3784989076
3993711226
3805093777
3672918183
3961861341
3963169385
3536175052
3800912253
3963450063
3962134105
3757709336
3734885232
3541176069
3767498406
3836413584
3739843857
3648291943
3633024411
3496906321
3962157464
2163445482
3664766918
3979932856
3723279687
3509330328
3711174157
3691118093
3741208780
3733643581
4225753497
3782508450
3994172979
3994369257
3962168799
3420585780
3503476262
3800219277
3868275747
3823505322
3942449686
3541027955
3608931199
3624847932
3769146025
3885900913
3971929678
3744556701
3886410167
3656511285
3685432877
3658823204
3634201102
3719984080
3881958755
3908819103
3534202624
4242053735
3715171283
4177640942
3865026869
3899278116
3709689442
3341184180
3956577632
3351073511
3963114847
3671420900
3592313227
3962127440
3675207192
2971889430
3831313045
3606136130
3901873529
3707782053
3742952111
3720229355
3724981381
3118057340
4005752716
3451745275
4322381539
3515197043
3543217964
3505609859
2997822359
4074322092
3920291946
3963073094
3671376029
3711285319
3515765143
3564141001
3755716826
3656021493
3788642591
3606335285
3918027245
3815304367
3873491386
3419161054
3509017169
3550755489
3927992176
4074074187
3728395271
3710033323
3684202009
3827489531
3594659366
4010360344
3892068766
3760094797
3603413689
3873300324
3701435366
3762919551
3760943812
3528642254
3811280128
3951631976
3659224312
4010467555
3430326868
3992467998
3962160250
3920408809
4226431441
3994072141
3930955766
3604430840
3992401516
4209586623
3720507046
3963223984
3624591430
3837655613
3785224445
3520814865
3836040687
3931373121
3954848761
4258200575
3551222274
3882207525
3921711823
3733037033
3899093034
3896487959
3798304123
3584543542
3804734401
3438198871
3609223983
3972570911
3741425376
3537055725
3709007499
3715553581
3587608564
3960356212
3732892167
3633082598
3811489546
3855477983
3765631619
3519095135
3811230986
3614743510
3626834421
3605653139
3962499091
3963136191
3857595533
3909196586
3920005645
3579196792
3764408988
3825215433
3464217934
3691028708
3675672583
3576149354
3551581982
3837317059
3954690961
3962579878
3390770212
4258148221
3952008625
3920185354
3814362545
3878649844
4258272739
3885729525
3909312464
3651441814
3678681447
3712090546
3726368155
4290444911
3799949059
3859775449
3688528472
3844101256
3431952981
3815527787
3811075035
3778652859
3619525723
3579015492
3496913979
3640999074
3723304849
3960055087
3579471719
3784698124
4257824650
3773875648
3581610078
3671676327
3463904215
3815242903
3800228313
3723445186
3993680278
3661871535
3922564918
3677289275
3840375551
3628824821
3479802188
4241802554
3147205044
3930607387
3902047510
3656481356
3609377945
3451279534
4113904562
3962299143
3800971777
4073857623
3524606057
3873499114
3908778702
3805099702
3992209684
3733734434
3720989392
3560030372
3789541401
3676806668
3688162225
3771626021
3840045190
3923857916
3800364402
3924104196
3720633515
3586683872
3503040252
4076471315
3513523735
4049763951
3749702010
3792399343
4018156337
3908770384
3614631532
3853857443
4114093515
3963230191
3625313352
3822550940
3986216757
4257954004
3671217749
3815199343
3951956369
3868821743
4289928045
3781083811
3621996908
3797659898
3780410764
3576899561
3883696217
3901923899
3800482575
3869685098
3621200108
3476731463
3869960512
4258102763
3785665350
3843542059
3696714466
3991806407
3922809781
3820398180
3654221475
3823106555
3836509890
3835760931
3448536729
3879108163
3700784542
3872644362
3841086470
3878694833
3719738120
3839629676
3879062932
3672234452
3771946046
4075861443
3726105120
4290469827
3854451543
3793820544
3577325757
3822996768
3825812416
3962254804
3791421723
3675742694
3681289792
3869107802
3769018244
3551606332
3908392202
3747593399
3830773108
3698253829
3292507789
3962657934
3542320478
3305259633
3306801102
3947999172
4073887545
4006325149
4290149907
3695937512
3974060792
3869251383
3650983298
3837126170
3843818717
4257668175
3991895083
3719910526
3837691621
3465531540
3961715230
3719973843
3389257440
3986184989
3371004983
3501728119
3799061134
4130390079
3678670613
3994171734
3754137449
3811000572
3643228234
3544707706
3855549535
3811296530
3459282170
3908257675
3719372220
3761368578
3815592861
3951773949
3672073936
3711165489
3835880766
3783190175
3824499594
2723077476
3588228918
4108476633
3800333541
3720157226
3733516227
3841323672
3761408391
3391631053
3824838128
3671173764
3728238555
3920140524
3308874102
3676160493
3502972081
3784717702
3587469705
3961891600
3803282565
3035380944
3820288317
4289567077
3808484162
3771878268
3719419956
3730947283
3785466676
3869694624
3488298492
3840404122
3561484184
3672713084
3810878127
3744064488
3370812880
3870466096
3705882311
3694787469
3960045053
3698638692
3809469373
3877531073
3764074728
3605767705
3789585222
3737757282
3887690235
4209815243
3510272288
3449333220
4019183598
3929668731
3865487073
3687334537
3832936368
4113847872
3411373339
3383560767
3718981730
3790994463
3811700000
3677194839
3606045576
3923290984
3435177682
3502747565
3707513606
3728011642
3743799218
3841581267
3587628797
3870475268
3515797071
4002041874
3923778289
3961871921
3701418926
3780442343
3544736979
4178457959
3768259770
4209709931
3885933638
3858728701
3876717739
3833243687
3749253611
3664256602
3695537312
3643077561
3994002124
3434945291
3743462087
3497456511
4289618155
3722711301
3698628231
3740712705
3870116967
4108208922
3779314729
3701114824
3994316650
3782633787
3528802094
3669169741
3814817004
3868341928
3804726561
3729705509
3612340603
3797882196
3991680574
3759857895
3709940466
3624508704
3737799545
3853829633
4225688982
3680201326
3721401046
3739099606
3930967090
3845531862
3670913159
4210172265
3531293581
3391003940
3736624993
3625128884
3799108655
3606182597
3952138330
3862864429
3648122256
3503009613
3865412918
3901715333
3726657756
3605631006
3753197752
3772197512
3613676118
4019204295
3345295750
3836463274
3710789106
3519598685
3759459482
3956528417
3602536422
3825770518
3701561059
3832824935
3955714529
3797625878
3519855554
3609577686
3770688252
3399442786
3886050656
3580899731
3853841713
3639863184
3867655435
3806363408
3830763661
3854649648
3785568146
3592801910
3993603105
4321857376
4241852475
3799480604
2868537136
3336468054
3832945533
3309480303
3814196214
3869186943
3994270537
3800006451
3719417727
3484017264
3743359765
3527748011
3503538804
3289284862
3637405220
3419859879
3561438944
3545209299
3931284970
3853747823
4322424798
3721220864
3809354578
3499560901
3420050987
3847577012
3865081624
3973643355
3672476734
3840456283
3757197681
4289872954
3666157127
3640940853
3835666291
3368395755
3924168918
3931288398
3518935359
3304109162
3619666133
3709409103
3917753310
3640689712
3769016992
3359854095
3844969219
3687949816
3663612068
4321839249
3840194010
3755175418
3720294849
4073806367
3653178326
3825080772
3648618474
3878720349
3588645585
3892177460
3854858878
3709206097
3671077881
3565028228
3961598502
3865113551
3701624511
3872747024
3791937297
3991781542
3986467621
3690785396
3581488105
3631374709
3892568974
3731830482
3931387992
3743167471
3771799238
3800121713
3959664899
3873318402
3760867088
3719767448
3742900150
3777219629
3400142790
3624818420
3772131506
3951874329
3798748739
3770604052
3515752917
3987148057
3766102826
3789107825
3627528240
4209914130
3858121438
3902150118
3825095588
3836366717
3684043211
3487382895
4005834550
3643371196
4012138651
3760918824
4098523760
3865403101
3878687962
3563108762
3662153098
3509326350
3548700371
3922390827
3825560859
3677262914
3868444538
3819809016
3772235631
3924575087
3956532541
3833504161
4005852023
3865276012
3754888651
3776081142
3715118794
3701127808
3579197105
3877649741
3800441411
3744001227
3710812974
3803998969
3923756144
3748370756
3718166211
3872839743
3385086654
3619565756
3609178702
3971970997
3901792871
3779086201
3963396847
3922602496
3835211395
3528232975
3974249766
3719747136
3724690929
3513353499
3924411309
3837375216
3326884780
3734600983
3528376698
3583667420
3742894728
3758627658
3836375363
3869892466
3835711957
3664014439
3755314664
3317567563
3875686078
3628652952
4042488430
3779079438
3165691378
3854476750
3723530191
3445238015
3720419623
3879056091
3570208389
3606191126
4161784884
3586769508
3317445167
4225955376
4073585637
3724615918
3725727755
3868948820
3733503003
3805885625
